1561
2686
3811
4936
6061
7186
8311
9437
1280
1842
2405
2967
3530
4092
4655
5217
5780
6342
6905
7467
8030
8592
9155
9718
1139
1420
1701
1983
2264
2545
2826
3108
3389
3670
3951
4233
4514
4795
5076
5358
5639
5920
6201
6483
6764
7045
7326
7608
7889
8170
8451
8733
9014
9296
9577
9859
1069
1209
1350
1490
1631
1771
1912
2053
2194
2334
2475
2615
2756
2896
3037
3178
3319
3459
3600
3740
3881
4021
4162
4303
4444
4584
4725
4865
5006
5146
5287
5428
5569
5709
5850
5990
6131
6271
6412
6553
6694
6834
6975
7115
7256
7396
7537
7678
7819
7959
8100
8240
8381
8521
8662
8803
8944
9084
9225
9366
9507
9647
9788
9929
1034
1104
1174
1244
1315
1385
1455
1525
1596
1666
1736
1806
1877
1947
2018
2088
2159
2229
2299
2369
2440
2510
2580
2650
2721
2791
2861
2931
3002
3072
3143
3213
3284
3354
3424
3494
3565
3635
3705
3775
3846
3916
3986
4056
4127
4197
4268
4338
4409
4479
4549
4619
4690
4760
4830
4900
4971
5041
5111
5181
5252
5322
5393
5463
5534
5604
5674
5744
5815
5885
5955
6025
6096
6166
6236
6306
6377
6447
6518
6588
6659
6729
6799
6869
6940
7010
7080
7150
7221
7291
7361
7431
7502
7572
7643
7713
7784
7854
7924
7994
8065
8135
8205
8275
8346
8416
8486
8556
8627
8697
8768
8838
8909
8979
9049
9119
9190
9260
9331
9401
9472
9542
9612
9682
9753
9823
9894
9964
1016
1051
1086
1121
1156
1191
1226
1262
1297
1332
1367
1402
1437
1472
1507
1543
1578
1613
1648
1683
1718
1753
1788
1824
1859
1894
1929
1965
2000
2035
2070
2106
2141
2176
2211
2246
2281
2316
2351
2387
2422
2457
2492
2527
2562
2597
2632
2668
2703
2738
2773
2808
2843
2878
2913
2949
2984
3019
3054
3090
3125
3160
3195
3231
3266
3301
3336
3371
3406
3441
3476
3512
3547
3582
3617
3652
3687
3722
3757
3793
3828
3863
3898
3933
3968
4003
4038
4074
4109
4144
4179
4215
4250
4285
4320
4356
4391
4426
4461
4496
4531
4566
4601
4637
4672
4707
4742
4777
4812
4847
4882
4918
4953
4988
5023
5058
5093
5128
5163
5199
5234
5269
5304
5340
5375
5410
5445
5481
5516
5551
5586
5621
5656
5691
5726
5762
5797
5832
5867
5902
5937
5972
6007
6043
6078
6113
6148
6183
6218
6253
6288
6324
6359
6394
6429
6465
6500
6535
6570
6606
6641
6676
6711
6746
6781
6816
6851
6887
6922
6957
6992
7027
7062
7097
7132
7168
7203
7238
7273
7308
7343
7378
7413
7449
7484
7519
7554
7590
7625
7660
7695
7731
7766
7801
7836
7871
7906
7941
7976
8012
8047
8082
8117
8152
8187
8222
8257
8293
8328
8363
8398
8433
8468
8503
8538
8574
8609
8644
8679
8715
8750
8785
8820
8856
8891
8926
8961
8996
9031
9066
9101
9137
9172
9207
9242
9278
9313
9348
9383
9419
9454
9489
9524
9559
9594
9629
9664
9700
9735
9770
9805
9841
9876
9911
9946
9982
1007
1025
1042
1060
1077
1095
1112
1130
1147
1165
1182
1200
1217
1235
1253
1271
1288
1306
1323
1341
1358
1376
1393
1411
1428
1446
1463
1481
1498
1516
1534
1552
1569
1587
1604
1622
1639
1657
1674
1692
1709
1727
1744
1762
1779
1797
1815
1833
1850
1868
1885
1903
1920
1938
1956
1974
1991
2009
2026
2044
2061
2079
2097
2115
2132
2150
2167
2185
2202
2220
2237
2255
2272
2290
2307
2325
2342
2360
2378
2396
2413
2431
2448
2466
2483
2501
2518
2536
2553
2571
2588
2606
2623
2641
2659
2677
2694
2712
2729
2747
2764
2782
2799
2817
2834
2852
2869
2887
2904
2922
2940
2958
2975
2993
3010
3028
3045
3063
3081
3099
3116
3134
3151
3169
3186
3204
3222
3240
3257
3275
3292
3310
3327
3345
3362
3380
3397
3415
3432
3450
3467
3485
3503
3521
3538
3556
3573
3591
3608
3626
3643
3661
3678
3696
3713
3731
3748
3766
3784
3802
3819
3837
3854
3872
3889
3907
3924
3942
3959
3977
3994
4012
4029
4047
4065
4083
4100
4118
4135
4153
4170
4188
4206
4224
4241
4259
4276
4294
4311
4329
4347
4365
4382
4400
4417
4435
4452
4470
4487
4505
4522
4540
4557
4575
4592
4610
4628
4646
4663
4681
4698
4716
4733
4751
4768
4786
4803
4821
4838
4856
4873
4891
4909
4927
4944
4962
4979
4997
5014
5032
5049
5067
5084
5102
5119
5137
5154
5172
5190
5208
5225
5243
5260
5278
5295
5313
5331
5349
5366
5384
5401
5419
5436
5454
5472
5490
5507
5525
5542
5560
5577
5595
5612
5630
5647
5665
5682
5700
5717
5735
5753
5771
5788
5806
5823
5841
5858
5876
5893
5911
5928
5946
5963
5981
5998
6016
6034
6052
6069
6087
6104
6122
6139
6157
6174
6192
6209
6227
6244
6262
6279
6297
6315
6333
6350
6368
6385
6403
6420
6438
6456
6474
6491
6509
6526
6544
6561
6579
6597
6615
6632
6650
6667
6685
6702
6720
6737
6755
6772
6790
6807
6825
6842
6860
6878
6896
6913
6931
6948
6966
6983
7001
7018
7036
7053
7071
7088
7106
7123
7141
7159
7177
7194
7212
7229
7247
7264
7282
7299
7317
7334
7352
7369
7387
7404
7422
7440
7458
7475
7493
7510
7528
7545
7563
7581
7599
7616
7634
7651
7669
7686
7704
7722
7740
7757
7775
7792
7810
7827
7845
7862
7880
7897
7915
7932
7950
7967
7985
8003
8021
8038
8056
8073
8091
8108
8126
8143
8161
8178
8196
8213
8231
8248
8266
8284
8302
8319
8337
8354
8372
8389
8407
8424
8442
8459
8477
8494
8512
8529
8547
8565
8583
8600
8618
8635
8653
8670
8688
8706
8724
8741
8759
8776
8794
8811
8829
8847
8865
8882
8900
8917
8935
8952
8970
8987
9005
9022
9040
9057
9075
9092
9110
9128
9146
9163
9181
9198
9216
9233
9251
9269
9287
9304
9322
9339
9357
9374
9392
9410
9428
9445
9463
9480
9498
9515
9533
9550
9568
9585
9603
9620
9638
9655
9673
9691
9709
9726
9744
9761
9779
9796
9814
9832
9850
9867
9885
9902
9920
9937
9955
9973
9991
1003
1011
1020
1029
1038
1046
1055
1064
1073
1081
1090
1099
1108
1116
1125
1134
1143
1151
1160
1169
1178
1186
1195
1204
1213
1221
1230
1239
1248
1257
1266
1275
1284
1292
1301
1310
1319
1327
1336
1345
1354
1362
1371
1380
1389
1397
1406
1415
1424
1432
1441
1450
1459
1467
1476
1485
1494
1502
1511
1520
1529
1538
1547
1556
1565
1573
1582
1591
1600
1608
1617
1626
1635
1643
1652
1661
1670
1678
1687
1696
1705
1713
1722
1731
1740
1748
1757
1766
1775
1783
1792
1801
1810
1819
1828
1837
1846
1854
1863
1872
1881
1889
1898
1907
1916
1924
1933
1942
1951
1960
1969
1978
1987
1995
2004
2013
2022
2030
2039
2048
2057
2065
2074
2083
2092
2101
2110
2119
2128
2136
2145
2154
2163
2171
2180
2189
2198
2206
2215
2224
2233
2241
2250
2259
2268
2276
2285
2294
2303
2311
2320
2329
2338
2346
2355
2364
2373
2382
2391
2400
2409
2417
2426
2435
2444
2452
2461
2470
2479
2487
2496
2505
2514
2522
2531
2540
2549
2557
2566
2575
2584
2592
2601
2610
2619
2627
2636
2645
2654
2663
2672
2681
2690
2698
2707
2716
2725
2733
2742
2751
2760
2768
2777
2786
2795
2803
2812
2821
2830
2838
2847
2856
2865
2873
2882
2891
2900
2908
2917
2926
2935
2944
2953
2962
2971
2979
2988
2997
3006
3014
3023
3032
3041
3049
3058
3067
3076
3085
3094
3103
3112
3120
3129
3138
3147
3155
3164
3173
3182
3190
3199
3208
3217
3226
3235
3244
3253
3261
3270
3279
3288
3296
3305
3314
3323
3331
3340
3349
3358
3366
3375
3384
3393
3401
3410
3419
3428
3436
3445
3454
3463
3471
3480
3489
3498
3507
3516
3525
3534
3542
3551
3560
3569
3577
3586
3595
3604
3612
3621
3630
3639
3647
3656
3665
3674
3682
3691
3700
3709
3717
3726
3735
3744
3752
3761
3770
3779
3788
3797
3806
3815
3823
3832
3841
3850
3858
3867
3876
3885
3893
3902
3911
3920
3928
3937
3946
3955
3963
3972
3981
3990
3998
4007
4016
4025
4033
4042
4051
4060
4069
4078
4087
4096
4104
4113
4122
4131
4139
4148
4157
4166
4174
4183
4192
4201
4210
4219
4228
4237
4245
4254
4263
4272
4280
4289
4298
4307
4315
4324
4333
4342
4351
4360
4369
4378
4386
4395
4404
4413
4421
4430
4439
4448
4456
4465
4474
4483
4491
4500
4509
4518
4526
4535
4544
4553
4561
4570
4579
4588
4596
4605
4614
4623
4632
4641
4650
4659
4667
4676
4685
4694
4702
4711
4720
4729
4737
4746
4755
4764
4772
4781
4790
4799
4807
4816
4825
4834
4842
4851
4860
4869
4877
4886
4895
4904
4913
4922
4931
4940
4948
4957
4966
4975
4983
4992
5001
5010
5018
5027
5036
5045
5053
5062
5071
5080
5088
5097
5106
5115
5123
5132
5141
5150
5158
5167
5176
5185
5194
5203
5212
5221
5229
5238
5247
5256
5264
5273
5282
5291
5299
5308
5317
5326
5335
5344
5353
5362
5370
5379
5388
5397
5405
5414
5423
5432
5440
5449
5458
5467
5476
5485
5494
5503
5511
5520
5529
5538
5546
5555
5564
5573
5581
5590
5599
5608
5616
5625
5634
5643
5651
5660
5669
5678
5686
5695
5704
5713
5721
5730
5739
5748
5757
5766
5775
5784
5792
5801
5810
5819
5827
5836
5845
5854
5862
5871
5880
5889
5897
5906
5915
5924
5932
5941
5950
5959
5967
5976
5985
5994
6002
6011
6020
6029
6038
6047
6056
6065
6073
6082
6091
6100
6108
6117
6126
6135
6143
6152
6161
6170
6178
6187
6196
6205
6213
6222
6231
6240
6248
6257
6266
6275
6283
6292
6301
6310
6319
6328
6337
6346
6354
6363
6372
6381
6389
6398
6407
6416
6424
6433
6442
6451
6460
6469
6478
6487
6495
6504
6513
6522
6530
6539
6548
6557
6565
6574
6583
6592
6601
6610
6619
6628
6636
6645
6654
6663
6671
6680
6689
6698
6706
6715
6724
6733
6741
6750
6759
6768
6776
6785
6794
6803
6811
6820
6829
6838
6846
6855
6864
6873
6882
6891
6900
6909
6917
6926
6935
6944
6952
6961
6970
6979
6987
6996
7005
7014
7022
7031
7040
7049
7057
7066
7075
7084
7092
7101
7110
7119
7127
7136
7145
7154
7163
7172
7181
7190
7198
7207
7216
7225
7233
7242
7251
7260
7268
7277
7286
7295
7303
7312
7321
7330
7338
7347
7356
7365
7373
7382
7391
7400
7408
7417
7426
7435
7444
7453
7462
7471
7479
7488
7497
7506
7514
7523
7532
7541
7549
7558
7567
7576
7585
7594
7603
7612
7620
7629
7638
7647
7655
7664
7673
7682
7690
7699
7708
7717
7726
7735
7744
7753
7761
7770
7779
7788
7796
7805
7814
7823
7831
7840
7849
7858
7866
7875
7884
7893
7901
7910
7919
7928
7936
7945
7954
7963
7971
7980
7989
7998
8007
8016
8025
8034
8042
8051
8060
8069
8077
8086
8095
8104
8112
8121
8130
8139
8147
8156
8165
8174
8182
8191
8200
8209
8217
8226
8235
8244
8252
8261
8270
8279
8288
8297
8306
8315
8323
8332
8341
8350
8358
8367
8376
8385
8393
8402
8411
8420
8428
8437
8446
8455
8463
8472
8481
8490
8498
8507
8516
8525
8533
8542
8551
8560
8569
8578
8587
8596
8604
8613
8622
8631
8639
8648
8657
8666
8674
8683
8692
8701
8710
8719
8728
8737
8745
8754
8763
8772
8780
8789
8798
8807
8815
8824
8833
8842
8851
8860
8869
8878
8886
8895
8904
8913
8921
8930
8939
8948
8956
8965
8974
8983
8991
9000
9009
9018
9026
9035
9044
9053
9061
9070
9079
9088
9096
9105
9114
9123
9132
9141
9150
9159
9167
9176
9185
9194
9202
9211
9220
9229
9237
9246
9255
9264
9273
9282
9291
9300
9308
9317
9326
9335
9343
9352
9361
9370
9378
9387
9396
9405
9414
9423
9432
9441
9449
9458
9467
9476
9484
9493
9502
9511
9519
9528
9537
9546
9554
9563
9572
9581
9589
9598
9607
9616
9624
9633
9642
9651
9659
9668
9677
9686
9695
9704
9713
9722
9730
9739
9748
9757
9765
9774
9783
9792
9800
9809
9818
9827
9836
9845
9854
9863
9871
9880
9889
9898
9906
9915
9924
9933
9941
9950
9959
9968
9977
9986
9995
1001
1005
1009
1013
1018
1022
1027
1031
1036
1040
1044
1048
1053
1057
1062
1066
1071
1075
1079
1083
1088
1092
1097
1101
1106
1110
1114
1118
1123
1127
1132
1136
1141
1145
1149
1153
1158
1162
1167
1171
1176
1180
1184
1188
1193
1197
1202
1206
1211
1215
1219
1223
1228
1232
1237
1241
1246
1250
1255
1259
1264
1268
1273
1277
1282
1286
1290
1294
1299
1303
1308
1312
1317
1321
1325
1329
1334
1338
1343
1347
1352
1356
1360
1364
1369
1373
1378
1382
1387
1391
1395
1399
1404
1408
1413
1417
1422
1426
1430
1434
1439
1443
1448
1452
1457
1461
1465
1469
1474
1478
1483
1487
1492
1496
1500
1504
1509
1513
1518
1522
1527
1531
1536
1540
1545
1549
1554
1558
1563
1567
1571
1575
1580
1584
1589
1593
1598
1602
1606
1610
1615
1619
1624
1628
1633
1637
1641
1645
1650
1654
1659
1663
1668
1672
1676
1680
1685
1689
1694
1698
1703
1707
1711
1715
1720
1724
1729
1733
1738
1742
1746
1750
1755
1759
1764
1768
1773
1777
1781
1785
1790
1794
1799
1803
1808
1812
1817
1821
1826
1830
1835
1839
1844
1848
1852
1856
1861
1865
1870
1874
1879
1883
1887
1891
1896
1900
1905
1909
1914
1918
1922
1926
1931
1935
1940
1944
1949
1953
1958
1962
1967
1971
1976
1980
1985
1989
1993
1997
2002
2006
2011
2015
2020
2024
2028
2032
2037
2041
2046
2050
2055
2059
2063
2067
2072
2076
2081
2085
2090
2094
2099
2103
2108
2112
2117
2121
2126
2130
2134
2138
2143
2147
2152
2156
2161
2165
2169
2173
2178
2182
2187
2191
2196
2200
2204
2208
2213
2217
2222
2226
2231
2235
2239
2243
2248
2252
2257
2261
2266
2270
2274
2278
2283
2287
2292
2296
2301
2305
2309
2313
2318
2322
2327
2331
2336
2340
2344
2348
2353
2357
2362
2366
2371
2375
2380
2384
2389
2393
2398
2402
2407
2411
2415
2419
2424
2428
2433
2437
2442
2446
2450
2454
2459
2463
2468
2472
2477
2481
2485
2489
2494
2498
2503
2507
2512
2516
2520
2524
2529
2533
2538
2542
2547
2551
2555
2559
2564
2568
2573
2577
2582
2586
2590
2594
2599
2603
2608
2612
2617
2621
2625
2629
2634
2638
2643
2647
2652
2656
2661
2665
2670
2674
2679
2683
2688
2692
2696
2700
2705
2709
2714
2718
2723
2727
2731
2735
2740
2744
2749
2753
2758
2762
2766
2770
2775
2779
2784
2788
2793
2797
2801
2805
2810
2814
2819
2823
2828
2832
2836
2840
2845
2849
2854
2858
2863
2867
2871
2875
2880
2884
2889
2893
2898
2902
2906
2910
2915
2919
2924
2928
2933
2937
2942
2946
2951
2955
2960
2964
2969
2973
2977
2981
2986
2990
2995
2999
3004
3008
3012
3016
3021
3025
3030
3034
3039
3043
3047
3051
3056
3060
3065
3069
3074
3078
3083
3087
3092
3096
3101
3105
3110
3114
3118
3122
3127
3131
3136
3140
3145
3149
3153
3157
3162
3166
3171
3175
3180
3184
3188
3192
3197
3201
3206
3210
3215
3219
3224
3228
3233
3237
3242
3246
3251
3255
3259
3263
3268
3272
3277
3281
3286
3290
3294
3298
3303
3307
3312
3316
3321
3325
3329
3333
3338
3342
3347
3351
3356
3360
3364
3368
3373
3377
3382
3386
3391
3395
3399
3403
3408
3412
3417
3421
3426
3430
3434
3438
3443
3447
3452
3456
3461
3465
3469
3473
3478
3482
3487
3491
3496
3500
3505
3509
3514
3518
3523
3527
3532
3536
3540
3544
3549
3553
3558
3562
3567
3571
3575
3579
3584
3588
3593
3597
3602
3606
3610
3614
3619
3623
3628
3632
3637
3641
3645
3649
3654
3658
3663
3667
3672
3676
3680
3684
3689
3693
3698
3702
3707
3711
3715
3719
3724
3728
3733
3737
3742
3746
3750
3754
3759
3763
3768
3772
3777
3781
3786
3790
3795
3799
3804
3808
3813
3817
3821
3825
3830
3834
3839
3843
3848
3852
3856
3860
3865
3869
3874
3878
3883
3887
3891
3895
3900
3904
3909
3913
3918
3922
3926
3930
3935
3939
3944
3948
3953
3957
3961
3965
3970
3974
3979
3983
3988
3992
3996
4000
4005
4009
4014
4018
4023
4027
4031
4035
4040
4044
4049
4053
4058
4062
4067
4071
4076
4080
4085
4089
4094
4098
4102
4106
4111
4115
4120
4124
4129
4133
4137
4141
4146
4150
4155
4159
4164
4168
4172
4176
4181
4185
4190
4194
4199
4203
4208
4212
4217
4221
4226
4230
4235
4239
4243
4247
4252
4256
4261
4265
4270
4274
4278
4282
4287
4291
4296
4300
4305
4309
4313
4317
4322
4326
4331
4335
4340
4344
4349
4353
4358
4362
4367
4371
4376
4380
4384
4388
4393
4397
4402
4406
4411
4415
4419
4423
4428
4432
4437
4441
4446
4450
4454
4458
4463
4467
4472
4476
4481
4485
4489
4493
4498
4502
4507
4511
4516
4520
4524
4528
4533
4537
4542
4546
4551
4555
4559
4563
4568
4572
4577
4581
4586
4590
4594
4598
4603
4607
4612
4616
4621
4625
4630
4634
4639
4643
4648
4652
4657
4661
4665
4669
4674
4678
4683
4687
4692
4696
4700
4704
4709
4713
4718
4722
4727
4731
4735
4739
4744
4748
4753
4757
4762
4766
4770
4774
4779
4783
4788
4792
4797
4801
4805
4809
4814
4818
4823
4827
4832
4836
4840
4844
4849
4853
4858
4862
4867
4871
4875
4879
4884
4888
4893
4897
4902
4906
4911
4915
4920
4924
4929
4933
4938
4942
4946
4950
4955
4959
4964
4968
4973
4977
4981
4985
4990
4994
4999
5003
5008
5012
5016
5020
5025
5029
5034
5038
5043
5047
5051
5055
5060
5064
5069
5073
5078
5082
5086
5090
5095
5099
5104
5108
5113
5117
5121
5125
5130
5134
5139
5143
5148
5152
5156
5160
5165
5169
5174
5178
5183
5187
5192
5196
5201
5205
5210
5214
5219
5223
5227
5231
5236
5240
5245
5249
5254
5258
5262
5266
5271
5275
5280
5284
5289
5293
5297
5301
5306
5310
5315
5319
5324
5328
5333
5337
5342
5346
5351
5355
5360
5364
5368
5372
5377
5381
5386
5390
5395
5399
5403
5407
5412
5416
5421
5425
5430
5434
5438
5442
5447
5451
5456
5460
5465
5469
5474
5478
5483
5487
5492
5496
5501
5505
5509
5513
5518
5522
5527
5531
5536
5540
5544
5548
5553
5557
5562
5566
5571
5575
5579
5583
5588
5592
5597
5601
5606
5610
5614
5618
5623
5627
5632
5636
5641
5645
5649
5653
5658
5662
5667
5671
5676
5680
5684
5688
5693
5697
5702
5706
5711
5715
5719
5723
5728
5732
5737
5741
5746
5750
5755
5759
5764
5768
5773
5777
5782
5786
5790
5794
5799
5803
5808
5812
5817
5821
5825
5829
5834
5838
5843
5847
5852
5856
5860
5864
5869
5873
5878
5882
5887
5891
5895
5899
5904
5908
5913
5917
5922
5926
5930
5934
5939
5943
5948
5952
5957
5961
5965
5969
5974
5978
5983
5987
5992
5996
6000
6004
6009
6013
6018
6022
6027
6031
6036
6040
6045
6049
6054
6058
6063
6067
6071
6075
6080
6084
6089
6093
6098
6102
6106
6110
6115
6119
6124
6128
6133
6137
6141
6145
6150
6154
6159
6163
6168
6172
6176
6180
6185
6189
6194
6198
6203
6207
6211
6215
6220
6224
6229
6233
6238
6242
6246
6250
6255
6259
6264
6268
6273
6277
6281
6285
6290
6294
6299
6303
6308
6312
6317
6321
6326
6330
6335
6339
6344
6348
6352
6356
6361
6365
6370
6374
6379
6383
6387
6391
6396
6400
6405
6409
6414
6418
6422
6426
6431
6435
6440
6444
6449
6453
6458
6462
6467
6471
6476
6480
6485
6489
6493
6497
6502
6506
6511
6515
6520
6524
6528
6532
6537
6541
6546
6550
6555
6559
6563
6567
6572
6576
6581
6585
6590
6594
6599
6603
6608
6612
6617
6621
6626
6630
6634
6638
6643
6647
6652
6656
6661
6665
6669
6673
6678
6682
6687
6691
6696
6700
6704
6708
6713
6717
6722
6726
6731
6735
6739
6743
6748
6752
6757
6761
6766
6770
6774
6778
6783
6787
6792
6796
6801
6805
6809
6813
6818
6822
6827
6831
6836
6840
6844
6848
6853
6857
6862
6866
6871
6875
6880
6884
6889
6893
6898
6902
6907
6911
6915
6919
6924
6928
6933
6937
6942
6946
6950
6954
6959
6963
6968
6972
6977
6981
6985
6989
6994
6998
7003
7007
7012
7016
7020
7024
7029
7033
7038
7042
7047
7051
7055
7059
7064
7068
7073
7077
7082
7086
7090
7094
7099
7103
7108
7112
7117
7121
7125
7129
7134
7138
7143
7147
7152
7156
7161
7165
7170
7174
7179
7183
7188
7192
7196
7200
7205
7209
7214
7218
7223
7227
7231
7235
7240
7244
7249
7253
7258
7262
7266
7270
7275
7279
7284
7288
7293
7297
7301
7305
7310
7314
7319
7323
7328
7332
7336
7340
7345
7349
7354
7358
7363
7367
7371
7375
7380
7384
7389
7393
7398
7402
7406
7410
7415
7419
7424
7428
7433
7437
7442
7446
7451
7455
7460
7464
7469
7473
7477
7481
7486
7490
7495
7499
7504
7508
7512
7516
7521
7525
7530
7534
7539
7543
7547
7551
7556
7560
7565
7569
7574
7578
7583
7587
7592
7596
7601
7605
7610
7614
7618
7622
7627
7631
7636
7640
7645
7649
7653
7657
7662
7666
7671
7675
7680
7684
7688
7692
7697
7701
7706
7710
7715
7719
7724
7728
7733
7737
7742
7746
7751
7755
7759
7763
7768
7772
7777
7781
7786
7790
7794
7798
7803
7807
7812
7816
7821
7825
7829
7833
7838
7842
7847
7851
7856
7860
7864
7868
7873
7877
7882
7886
7891
7895
7899
7903
7908
7912
7917
7921
7926
7930
7934
7938
7943
7947
7952
7956
7961
7965
7969
7973
7978
7982
7987
7991
7996
8000
8005
8009
8014
8018
8023
8027
8032
8036
8040
8044
8049
8053
8058
8062
8067
8071
8075
8079
8084
8088
8093
8097
8102
8106
8110
8114
8119
8123
8128
8132
8137
8141
8145
8149
8154
8158
8163
8167
8172
8176
8180
8184
8189
8193
8198
8202
8207
8211
8215
8219
8224
8228
8233
8237
8242
8246
8250
8254
8259
8263
8268
8272
8277
8281
8286
8290
8295
8299
8304
8308
8313
8317
8321
8325
8330
8334
8339
8343
8348
8352
8356
8360
8365
8369
8374
8378
8383
8387
8391
8395
8400
8404
8409
8413
8418
8422
8426
8430
8435
8439
8444
8448
8453
8457
8461
8465
8470
8474
8479
8483
8488
8492
8496
8500
8505
8509
8514
8518
8523
8527
8531
8535
8540
8544
8549
8553
8558
8562
8567
8571
8576
8580
8585
8589
8594
8598
8602
8606
8611
8615
8620
8624
8629
8633
8637
8641
8646
8650
8655
8659
8664
8668
8672
8676
8681
8685
8690
8694
8699
8703
8708
8712
8717
8721
8726
8730
8735
8739
8743
8747
8752
8756
8761
8765
8770
8774
8778
8782
8787
8791
8796
8800
8805
8809
8813
8817
8822
8826
8831
8835
8840
8844
8849
8853
8858
8862
8867
8871
8876
8880
8884
8888
8893
8897
8902
8906
8911
8915
8919
8923
8928
8932
8937
8941
8946
8950
8954
8958
8963
8967
8972
8976
8981
8985
8989
8993
8998
9002
9007
9011
9016
9020
9024
9028
9033
9037
9042
9046
9051
9055
9059
9063
9068
9072
9077
9081
9086
9090
9094
9098
9103
9107
9112
9116
9121
9125
9130
9134
9139
9143
9148
9152
9157
9161
9165
9169
9174
9178
9183
9187
9192
9196
9200
9204
9209
9213
9218
9222
9227
9231
9235
9239
9244
9248
9253
9257
9262
9266
9271
9275
9280
9284
9289
9293
9298
9302
9306
9310
9315
9319
9324
9328
9333
9337
9341
9345
9350
9354
9359
9363
9368
9372
9376
9380
9385
9389
9394
9398
9403
9407
9412
9416
9421
9425
9430
9434
9439
9443
9447
9451
9456
9460
9465
9469
9474
9478
9482
9486
9491
9495
9500
9504
9509
9513
9517
9521
9526
9530
9535
9539
9544
9548
9552
9556
9561
9565
9570
9574
9579
9583
9587
9591
9596
9600
9605
9609
9614
9618
9622
9626
9631
9635
9640
9644
9649
9653
9657
9661
9666
9670
9675
9679
9684
9688
9693
9697
9702
9706
9711
9715
9720
9724
9728
9732
9737
9741
9746
9750
9755
9759
9763
9767
9772
9776
9781
9785
9790
9794
9798
9802
9807
9811
9816
9820
9825
9829
9834
9838
9843
9847
9852
9856
9861
9865
9869
9873
9878
9882
9887
9891
9896
9900
9904
9908
9913
9917
9922
9926
9931
9935
9939
9943
9948
9952
9957
9961
9966
9970
9975
9979
9984
9988
9993
9997
1000
1002
1004
1006
1008
1010
1012
1014
1017
1019
1021
1023
1026
1028
1030
1032
1035
1037
1039
1041
1043
1045
1047
1049
1052
1054
1056
1058
1061
1063
1065
1067
1070
1072
1074
1076
1078
1080
1082
1084
1087
1089
1091
1093
1096
1098
1100
1102
1105
1107
1109
1111
1113
1115
1117
1119
1122
1124
1126
1128
1131
1133
1135
1137
1140
1142
1144
1146
1148
1150
1152
1154
1157
1159
1161
1163
1166
1168
1170
1172
1175
1177
1179
1181
1183
1185
1187
1189
1192
1194
1196
1198
1201
1203
1205
1207
1210
1212
1214
1216
1218
1220
1222
1224
1227
1229
1231
1233
1236
1238
1240
1242
1245
1247
1249
1251
1254
1256
1258
1260
1263
1265
1267
1269
1272
1274
1276
1278
1281
1283
1285
1287
1289
1291
1293
1295
1298
1300
1302
1304
1307
1309
1311
1313
1316
1318
1320
1322
1324
1326
1328
1330
1333
1335
1337
1339
1342
1344
1346
1348
1351
1353
1355
1357
1359
1361
1363
1365
1368
1370
1372
1374
1377
1379
1381
1383
1386
1388
1390
1392
1394
1396
1398
1400
1403
1405
1407
1409
1412
1414
1416
1418
1421
1423
1425
1427
1429
1431
1433
1435
1438
1440
1442
1444
1447
1449
1451
1453
1456
1458
1460
1462
1464
1466
1468
1470
1473
1475
1477
1479
1482
1484
1486
1488
1491
1493
1495
1497
1499
1501
1503
1505
1508
1510
1512
1514
1517
1519
1521
1523
1526
1528
1530
1532
1535
1537
1539
1541
1544
1546
1548
1550
1553
1555
1557
1559
1562
1564
1566
1568
1570
1572
1574
1576
1579
1581
1583
1585
1588
1590
1592
1594
1597
1599
1601
1603
1605
1607
1609
1611
1614
1616
1618
1620
1623
1625
1627
1629
1632
1634
1636
1638
1640
1642
1644
1646
1649
1651
1653
1655
1658
1660
1662
1664
1667
1669
1671
1673
1675
1677
1679
1681
1684
1686
1688
1690
1693
1695
1697
1699
1702
1704
1706
1708
1710
1712
1714
1716
1719
1721
1723
1725
1728
1730
1732
1734
1737
1739
1741
1743
1745
1747
1749
1751
1754
1756
1758
1760
1763
1765
1767
1769
1772
1774
1776
1778
1780
1782
1784
1786
1789
1791
1793
1795
1798
1800
1802
1804
1807
1809
1811
1813
1816
1818
1820
1822
1825
1827
1829
1831
1834
1836
1838
1840
1843
1845
1847
1849
1851
1853
1855
1857
1860
1862
1864
1866
1869
1871
1873
1875
1878
1880
1882
1884
1886
1888
1890
1892
1895
1897
1899
1901
1904
1906
1908
1910
1913
1915
1917
1919
1921
1923
1925
1927
1930
1932
1934
1936
1939
1941
1943
1945
1948
1950
1952
1954
1957
1959
1961
1963
1966
1968
1970
1972
1975
1977
1979
1981
1984
1986
1988
1990
1992
1994
1996
1998
2001
2003
2005
2007
2010
2012
2014
2016
2019
2021
2023
2025
2027
2029
2031
2033
2036
2038
2040
2042
2045
2047
2049
2051
2054
2056
2058
2060
2062
2064
2066
2068
2071
2073
2075
2077
2080
2082
2084
2086
2089
2091
2093
2095
2098
2100
2102
2104
2107
2109
2111
2113
2116
2118
2120
2122
2125
2127
2129
2131
2133
2135
2137
2139
2142
2144
2146
2148
2151
2153
2155
2157
2160
2162
2164
2166
2168
2170
2172
2174
2177
2179
2181
2183
2186
2188
2190
2192
2195
2197
2199
2201
2203
2205
2207
2209
2212
2214
2216
2218
2221
2223
2225
2227
2230
2232
2234
2236
2238
2240
2242
2244
2247
2249
2251
2253
2256
2258
2260
2262
2265
2267
2269
2271
2273
2275
2277
2279
2282
2284
2286
2288
2291
2293
2295
2297
2300
2302
2304
2306
2308
2310
2312
2314
2317
2319
2321
2323
2326
2328
2330
2332
2335
2337
2339
2341
2343
2345
2347
2349
2352
2354
2356
2358
2361
2363
2365
2367
2370
2372
2374
2376
2379
2381
2383
2385
2388
2390
2392
2394
2397
2399
2401
2403
2406
2408
2410
2412
2414
2416
2418
2420
2423
2425
2427
2429
2432
2434
2436
2438
2441
2443
2445
2447
2449
2451
2453
2455
2458
2460
2462
2464
2467
2469
2471
2473
2476
2478
2480
2482
2484
2486
2488
2490
2493
2495
2497
2499
2502
2504
2506
2508
2511
2513
2515
2517
2519
2521
2523
2525
2528
2530
2532
2534
2537
2539
2541
2543
2546
2548
2550
2552
2554
2556
2558
2560
2563
2565
2567
2569
2572
2574
2576
2578
2581
2583
2585
2587
2589
2591
2593
2595
2598
2600
2602
2604
2607
2609
2611
2613
2616
2618
2620
2622
2624
2626
2628
2630
2633
2635
2637
2639
2642
2644
2646
2648
2651
2653
2655
2657
2660
2662
2664
2666
2669
2671
2673
2675
2678
2680
2682
2684
2687
2689
2691
2693
2695
2697
2699
2701
2704
2706
2708
2710
2713
2715
2717
2719
2722
2724
2726
2728
2730
2732
2734
2736
2739
2741
2743
2745
2748
2750
2752
2754
2757
2759
2761
2763
2765
2767
2769
2771
2774
2776
2778
2780
2783
2785
2787
2789
2792
2794
2796
2798
2800
2802
2804
2806
2809
2811
2813
2815
2818
2820
2822
2824
2827
2829
2831
2833
2835
2837
2839
2841
2844
2846
2848
2850
2853
2855
2857
2859
2862
2864
2866
2868
2870
2872
2874
2876
2879
2881
2883
2885
2888
2890
2892
2894
2897
2899
2901
2903
2905
2907
2909
2911
2914
2916
2918
2920
2923
2925
2927
2929
2932
2934
2936
2938
2941
2943
2945
2947
2950
2952
2954
2956
2959
2961
2963
2965
2968
2970
2972
2974
2976
2978
2980
2982
2985
2987
2989
2991
2994
2996
2998
3000
3003
3005
3007
3009
3011
3013
3015
3017
3020
3022
3024
3026
3029
3031
3033
3035
3038
3040
3042
3044
3046
3048
3050
3052
3055
3057
3059
3061
3064
3066
3068
3070
3073
3075
3077
3079
3082
3084
3086
3088
3091
3093
3095
3097
3100
3102
3104
3106
3109
3111
3113
3115
3117
3119
3121
3123
3126
3128
3130
3132
3135
3137
3139
3141
3144
3146
3148
3150
3152
3154
3156
3158
3161
3163
3165
3167
3170
3172
3174
3176
3179
3181
3183
3185
3187
3189
3191
3193
3196
3198
3200
3202
3205
3207
3209
3211
3214
3216
3218
3220
3223
3225
3227
3229
3232
3234
3236
3238
3241
3243
3245
3247
3250
3252
3254
3256
3258
3260
3262
3264
3267
3269
3271
3273
3276
3278
3280
3282
3285
3287
3289
3291
3293
3295
3297
3299
3302
3304
3306
3308
3311
3313
3315
3317
3320
3322
3324
3326
3328
3330
3332
3334
3337
3339
3341
3343
3346
3348
3350
3352
3355
3357
3359
3361
3363
3365
3367
3369
3372
3374
3376
3378
3381
3383
3385
3387
3390
3392
3394
3396
3398
3400
3402
3404
3407
3409
3411
3413
3416
3418
3420
3422
3425
3427
3429
3431
3433
3435
3437
3439
3442
3444
3446
3448
3451
3453
3455
3457
3460
3462
3464
3466
3468
3470
3472
3474
3477
3479
3481
3483
3486
3488
3490
3492
3495
3497
3499
3501
3504
3506
3508
3510
3513
3515
3517
3519
3522
3524
3526
3528
3531
3533
3535
3537
3539
3541
3543
3545
3548
3550
3552
3554
3557
3559
3561
3563
3566
3568
3570
3572
3574
3576
3578
3580
3583
3585
3587
3589
3592
3594
3596
3598
3601
3603
3605
3607
3609
3611
3613
3615
3618
3620
3622
3624
3627
3629
3631
3633
3636
3638
3640
3642
3644
3646
3648
3650
3653
3655
3657
3659
3662
3664
3666
3668
3671
3673
3675
3677
3679
3681
3683
3685
3688
3690
3692
3694
3697
3699
3701
3703
3706
3708
3710
3712
3714
3716
3718
3720
3723
3725
3727
3729
3732
3734
3736
3738
3741
3743
3745
3747
3749
3751
3753
3755
3758
3760
3762
3764
3767
3769
3771
3773
3776
3778
3780
3782
3785
3787
3789
3791
3794
3796
3798
3800
3803
3805
3807
3809
3812
3814
3816
3818
3820
3822
3824
3826
3829
3831
3833
3835
3838
3840
3842
3844
3847
3849
3851
3853
3855
3857
3859
3861
3864
3866
3868
3870
3873
3875
3877
3879
3882
3884
3886
3888
3890
3892
3894
3896
3899
3901
3903
3905
3908
3910
3912
3914
3917
3919
3921
3923
3925
3927
3929
3931
3934
3936
3938
3940
3943
3945
3947
3949
3952
3954
3956
3958
3960
3962
3964
3966
3969
3971
3973
3975
3978
3980
3982
3984
3987
3989
3991
3993
3995
3997
3999
4001
4004
4006
4008
4010
4013
4015
4017
4019
4022
4024
4026
4028
4030
4032
4034
4036
4039
4041
4043
4045
4048
4050
4052
4054
4057
4059
4061
4063
4066
4068
4070
4072
4075
4077
4079
4081
4084
4086
4088
4090
4093
4095
4097
4099
4101
4103
4105
4107
4110
4112
4114
4116
4119
4121
4123
4125
4128
4130
4132
4134
4136
4138
4140
4142
4145
4147
4149
4151
4154
4156
4158
4160
4163
4165
4167
4169
4171
4173
4175
4177
4180
4182
4184
4186
4189
4191
4193
4195
4198
4200
4202
4204
4207
4209
4211
4213
4216
4218
4220
4222
4225
4227
4229
4231
4234
4236
4238
4240
4242
4244
4246
4248
4251
4253
4255
4257
4260
4262
4264
4266
4269
4271
4273
4275
4277
4279
4281
4283
4286
4288
4290
4292
4295
4297
4299
4301
4304
4306
4308
4310
4312
4314
4316
4318
4321
4323
4325
4327
4330
4332
4334
4336
4339
4341
4343
4345
4348
4350
4352
4354
4357
4359
4361
4363
4366
4368
4370
4372
4375
4377
4379
4381
4383
4385
4387
4389
4392
4394
4396
4398
4401
4403
4405
4407
4410
4412
4414
4416
4418
4420
4422
4424
4427
4429
4431
4433
4436
4438
4440
4442
4445
4447
4449
4451
4453
4455
4457
4459
4462
4464
4466
4468
4471
4473
4475
4477
4480
4482
4484
4486
4488
4490
4492
4494
4497
4499
4501
4503
4506
4508
4510
4512
4515
4517
4519
4521
4523
4525
4527
4529
4532
4534
4536
4538
4541
4543
4545
4547
4550
4552
4554
4556
4558
4560
4562
4564
4567
4569
4571
4573
4576
4578
4580
4582
4585
4587
4589
4591
4593
4595
4597
4599
4602
4604
4606
4608
4611
4613
4615
4617
4620
4622
4624
4626
4629
4631
4633
4635
4638
4640
4642
4644
4647
4649
4651
4653
4656
4658
4660
4662
4664
4666
4668
4670
4673
4675
4677
4679
4682
4684
4686
4688
4691
4693
4695
4697
4699
4701
4703
4705
4708
4710
4712
4714
4717
4719
4721
4723
4726
4728
4730
4732
4734
4736
4738
4740
4743
4745
4747
4749
4752
4754
4756
4758
4761
4763
4765
4767
4769
4771
4773
4775
4778
4780
4782
4784
4787
4789
4791
4793
4796
4798
4800
4802
4804
4806
4808
4810
4813
4815
4817
4819
4822
4824
4826
4828
4831
4833
4835
4837
4839
4841
4843
4845
4848
4850
4852
4854
4857
4859
4861
4863
4866
4868
4870
4872
4874
4876
4878
4880
4883
4885
4887
4889
4892
4894
4896
4898
4901
4903
4905
4907
4910
4912
4914
4916
4919
4921
4923
4925
4928
4930
4932
4934
4937
4939
4941
4943
4945
4947
4949
4951
4954
4956
4958
4960
4963
4965
4967
4969
4972
4974
4976
4978
4980
4982
4984
4986
4989
4991
4993
4995
4998
5000
5002
5004
5007
5009
5011
5013
5015
5017
5019
5021
5024
5026
5028
5030
5033
5035
5037
5039
5042
5044
5046
5048
5050
5052
5054
5056
5059
5061
5063
5065
5068
5070
5072
5074
5077
5079
5081
5083
5085
5087
5089
5091
5094
5096
5098
5100
5103
5105
5107
5109
5112
5114
5116
5118
5120
5122
5124
5126
5129
5131
5133
5135
5138
5140
5142
5144
5147
5149
5151
5153
5155
5157
5159
5161
5164
5166
5168
5170
5173
5175
5177
5179
5182
5184
5186
5188
5191
5193
5195
5197
5200
5202
5204
5206
5209
5211
5213
5215
5218
5220
5222
5224
5226
5228
5230
5232
5235
5237
5239
5241
5244
5246
5248
5250
5253
5255
5257
5259
5261
5263
5265
5267
5270
5272
5274
5276
5279
5281
5283
5285
5288
5290
5292
5294
5296
5298
5300
5302
5305
5307
5309
5311
5314
5316
5318
5320
5323
5325
5327
5329
5332
5334
5336
5338
5341
5343
5345
5347
5350
5352
5354
5356
5359
5361
5363
5365
5367
5369
5371
5373
5376
5378
5380
5382
5385
5387
5389
5391
5394
5396
5398
5400
5402
5404
5406
5408
5411
5413
5415
5417
5420
5422
5424
5426
5429
5431
5433
5435
5437
5439
5441
5443
5446
5448
5450
5452
5455
5457
5459
5461
5464
5466
5468
5470
5473
5475
5477
5479
5482
5484
5486
5488
5491
5493
5495
5497
5500
5502
5504
5506
5508
5510
5512
5514
5517
5519
5521
5523
5526
5528
5530
5532
5535
5537
5539
5541
5543
5545
5547
5549
5552
5554
5556
5558
5561
5563
5565
5567
5570
5572
5574
5576
5578
5580
5582
5584
5587
5589
5591
5593
5596
5598
5600
5602
5605
5607
5609
5611
5613
5615
5617
5619
5622
5624
5626
5628
5631
5633
5635
5637
5640
5642
5644
5646
5648
5650
5652
5654
5657
5659
5661
5663
5666
5668
5670
5672
5675
5677
5679
5681
5683
5685
5687
5689
5692
5694
5696
5698
5701
5703
5705
5707
5710
5712
5714
5716
5718
5720
5722
5724
5727
5729
5731
5733
5736
5738
5740
5742
5745
5747
5749
5751
5754
5756
5758
5760
5763
5765
5767
5769
5772
5774
5776
5778
5781
5783
5785
5787
5789
5791
5793
5795
5798
5800
5802
5804
5807
5809
5811
5813
5816
5818
5820
5822
5824
5826
5828
5830
5833
5835
5837
5839
5842
5844
5846
5848
5851
5853
5855
5857
5859
5861
5863
5865
5868
5870
5872
5874
5877
5879
5881
5883
5886
5888
5890
5892
5894
5896
5898
5900
5903
5905
5907
5909
5912
5914
5916
5918
5921
5923
5925
5927
5929
5931
5933
5935
5938
5940
5942
5944
5947
5949
5951
5953
5956
5958
5960
5962
5964
5966
5968
5970
5973
5975
5977
5979
5982
5984
5986
5988
5991
5993
5995
5997
5999
6001
6003
6005
6008
6010
6012
6014
6017
6019
6021
6023
6026
6028
6030
6032
6035
6037
6039
6041
6044
6046
6048
6050
6053
6055
6057
6059
6062
6064
6066
6068
6070
6072
6074
6076
6079
6081
6083
6085
6088
6090
6092
6094
6097
6099
6101
6103
6105
6107
6109
6111
6114
6116
6118
6120
6123
6125
6127
6129
6132
6134
6136
6138
6140
6142
6144
6146
6149
6151
6153
6155
6158
6160
6162
6164
6167
6169
6171
6173
6175
6177
6179
6181
6184
6186
6188
6190
6193
6195
6197
6199
6202
6204
6206
6208
6210
6212
6214
6216
6219
6221
6223
6225
6228
6230
6232
6234
6237
6239
6241
6243
6245
6247
6249
6251
6254
6256
6258
6260
6263
6265
6267
6269
6272
6274
6276
6278
6280
6282
6284
6286
6289
6291
6293
6295
6298
6300
6302
6304
6307
6309
6311
6313
6316
6318
6320
6322
6325
6327
6329
6331
6334
6336
6338
6340
6343
6345
6347
6349
6351
6353
6355
6357
6360
6362
6364
6366
6369
6371
6373
6375
6378
6380
6382
6384
6386
6388
6390
6392
6395
6397
6399
6401
6404
6406
6408
6410
6413
6415
6417
6419
6421
6423
6425
6427
6430
6432
6434
6436
6439
6441
6443
6445
6448
6450
6452
6454
6457
6459
6461
6463
6466
6468
6470
6472
6475
6477
6479
6481
6484
6486
6488
6490
6492
6494
6496
6498
6501
6503
6505
6507
6510
6512
6514
6516
6519
6521
6523
6525
6527
6529
6531
6533
6536
6538
6540
6542
6545
6547
6549
6551
6554
6556
6558
6560
6562
6564
6566
6568
6571
6573
6575
6577
6580
6582
6584
6586
6589
6591
6593
6595
6598
6600
6602
6604
6607
6609
6611
6613
6616
6618
6620
6622
6625
6627
6629
6631
6633
6635
6637
6639
6642
6644
6646
6648
6651
6653
6655
6657
6660
6662
6664
6666
6668
6670
6672
6674
6677
6679
6681
6683
6686
6688
6690
6692
6695
6697
6699
6701
6703
6705
6707
6709
6712
6714
6716
6718
6721
6723
6725
6727
6730
6732
6734
6736
6738
6740
6742
6744
6747
6749
6751
6753
6756
6758
6760
6762
6765
6767
6769
6771
6773
6775
6777
6779
6782
6784
6786
6788
6791
6793
6795
6797
6800
6802
6804
6806
6808
6810
6812
6814
6817
6819
6821
6823
6826
6828
6830
6832
6835
6837
6839
6841
6843
6845
6847
6849
6852
6854
6856
6858
6861
6863
6865
6867
6870
6872
6874
6876
6879
6881
6883
6885
6888
6890
6892
6894
6897
6899
6901
6903
6906
6908
6910
6912
6914
6916
6918
6920
6923
6925
6927
6929
6932
6934
6936
6938
6941
6943
6945
6947
6949
6951
6953
6955
6958
6960
6962
6964
6967
6969
6971
6973
6976
6978
6980
6982
6984
6986
6988
6990
6993
6995
6997
6999
7002
7004
7006
7008
7011
7013
7015
7017
7019
7021
7023
7025
7028
7030
7032
7034
7037
7039
7041
7043
7046
7048
7050
7052
7054
7056
7058
7060
7063
7065
7067
7069
7072
7074
7076
7078
7081
7083
7085
7087
7089
7091
7093
7095
7098
7100
7102
7104
7107
7109
7111
7113
7116
7118
7120
7122
7124
7126
7128
7130
7133
7135
7137
7139
7142
7144
7146
7148
7151
7153
7155
7157
7160
7162
7164
7166
7169
7171
7173
7175
7178
7180
7182
7184
7187
7189
7191
7193
7195
7197
7199
7201
7204
7206
7208
7210
7213
7215
7217
7219
7222
7224
7226
7228
7230
7232
7234
7236
7239
7241
7243
7245
7248
7250
7252
7254
7257
7259
7261
7263
7265
7267
7269
7271
7274
7276
7278
7280
7283
7285
7287
7289
7292
7294
7296
7298
7300
7302
7304
7306
7309
7311
7313
7315
7318
7320
7322
7324
7327
7329
7331
7333
7335
7337
7339
7341
7344
7346
7348
7350
7353
7355
7357
7359
7362
7364
7366
7368
7370
7372
7374
7376
7379
7381
7383
7385
7388
7390
7392
7394
7397
7399
7401
7403
7405
7407
7409
7411
7414
7416
7418
7420
7423
7425
7427
7429
7432
7434
7436
7438
7441
7443
7445
7447
7450
7452
7454
7456
7459
7461
7463
7465
7468
7470
7472
7474
7476
7478
7480
7482
7485
7487
7489
7491
7494
7496
7498
7500
7503
7505
7507
7509
7511
7513
7515
7517
7520
7522
7524
7526
7529
7531
7533
7535
7538
7540
7542
7544
7546
7548
7550
7552
7555
7557
7559
7561
7564
7566
7568
7570
7573
7575
7577
7579
7582
7584
7586
7588
7591
7593
7595
7597
7600
7602
7604
7606
7609
7611
7613
7615
7617
7619
7621
7623
7626
7628
7630
7632
7635
7637
7639
7641
7644
7646
7648
7650
7652
7654
7656
7658
7661
7663
7665
7667
7670
7672
7674
7676
7679
7681
7683
7685
7687
7689
7691
7693
7696
7698
7700
7702
7705
7707
7709
7711
7714
7716
7718
7720
7723
7725
7727
7729
7732
7734
7736
7738
7741
7743
7745
7747
7750
7752
7754
7756
7758
7760
7762
7764
7767
7769
7771
7773
7776
7778
7780
7782
7785
7787
7789
7791
7793
7795
7797
7799
7802
7804
7806
7808
7811
7813
7815
7817
7820
7822
7824
7826
7828
7830
7832
7834
7837
7839
7841
7843
7846
7848
7850
7852
7855
7857
7859
7861
7863
7865
7867
7869
7872
7874
7876
7878
7881
7883
7885
7887
7890
7892
7894
7896
7898
7900
7902
7904
7907
7909
7911
7913
7916
7918
7920
7922
7925
7927
7929
7931
7933
7935
7937
7939
7942
7944
7946
7948
7951
7953
7955
7957
7960
7962
7964
7966
7968
7970
7972
7974
7977
7979
7981
7983
7986
7988
7990
7992
7995
7997
7999
8001
8004
8006
8008
8010
8013
8015
8017
8019
8022
8024
8026
8028
8031
8033
8035
8037
8039
8041
8043
8045
8048
8050
8052
8054
8057
8059
8061
8063
8066
8068
8070
8072
8074
8076
8078
8080
8083
8085
8087
8089
8092
8094
8096
8098
8101
8103
8105
8107
8109
8111
8113
8115
8118
8120
8122
8124
8127
8129
8131
8133
8136
8138
8140
8142
8144
8146
8148
8150
8153
8155
8157
8159
8162
8164
8166
8168
8171
8173
8175
8177
8179
8181
8183
8185
8188
8190
8192
8194
8197
8199
8201
8203
8206
8208
8210
8212
8214
8216
8218
8220
8223
8225
8227
8229
8232
8234
8236
8238
8241
8243
8245
8247
8249
8251
8253
8255
8258
8260
8262
8264
8267
8269
8271
8273
8276
8278
8280
8282
8285
8287
8289
8291
8294
8296
8298
8300
8303
8305
8307
8309
8312
8314
8316
8318
8320
8322
8324
8326
8329
8331
8333
8335
8338
8340
8342
8344
8347
8349
8351
8353
8355
8357
8359
8361
8364
8366
8368
8370
8373
8375
8377
8379
8382
8384
8386
8388
8390
8392
8394
8396
8399
8401
8403
8405
8408
8410
8412
8414
8417
8419
8421
8423
8425
8427
8429
8431
8434
8436
8438
8440
8443
8445
8447
8449
8452
8454
8456
8458
8460
8462
8464
8466
8469
8471
8473
8475
8478
8480
8482
8484
8487
8489
8491
8493
8495
8497
8499
8501
8504
8506
8508
8510
8513
8515
8517
8519
8522
8524
8526
8528
8530
8532
8534
8536
8539
8541
8543
8545
8548
8550
8552
8554
8557
8559
8561
8563
8566
8568
8570
8572
8575
8577
8579
8581
8584
8586
8588
8590
8593
8595
8597
8599
8601
8603
8605
8607
8610
8612
8614
8616
8619
8621
8623
8625
8628
8630
8632
8634
8636
8638
8640
8642
8645
8647
8649
8651
8654
8656
8658
8660
8663
8665
8667
8669
8671
8673
8675
8677
8680
8682
8684
8686
8689
8691
8693
8695
8698
8700
8702
8704
8707
8709
8711
8713
8716
8718
8720
8722
8725
8727
8729
8731
8734
8736
8738
8740
8742
8744
8746
8748
8751
8753
8755
8757
8760
8762
8764
8766
8769
8771
8773
8775
8777
8779
8781
8783
8786
8788
8790
8792
8795
8797
8799
8801
8804
8806
8808
8810
8812
8814
8816
8818
8821
8823
8825
8827
8830
8832
8834
8836
8839
8841
8843
8845
8848
8850
8852
8854
8857
8859
8861
8863
8866
8868
8870
8872
8875
8877
8879
8881
8883
8885
8887
8889
8892
8894
8896
8898
8901
8903
8905
8907
8910
8912
8914
8916
8918
8920
8922
8924
8927
8929
8931
8933
8936
8938
8940
8942
8945
8947
8949
8951
8953
8955
8957
8959
8962
8964
8966
8968
8971
8973
8975
8977
8980
8982
8984
8986
8988
8990
8992
8994
8997
8999
9001
9003
9006
9008
9010
9012
9015
9017
9019
9021
9023
9025
9027
9029
9032
9034
9036
9038
9041
9043
9045
9047
9050
9052
9054
9056
9058
9060
9062
9064
9067
9069
9071
9073
9076
9078
9080
9082
9085
9087
9089
9091
9093
9095
9097
9099
9102
9104
9106
9108
9111
9113
9115
9117
9120
9122
9124
9126
9129
9131
9133
9135
9138
9140
9142
9144
9147
9149
9151
9153
9156
9158
9160
9162
9164
9166
9168
9170
9173
9175
9177
9179
9182
9184
9186
9188
9191
9193
9195
9197
9199
9201
9203
9205
9208
9210
9212
9214
9217
9219
9221
9223
9226
9228
9230
9232
9234
9236
9238
9240
9243
9245
9247
9249
9252
9254
9256
9258
9261
9263
9265
9267
9270
9272
9274
9276
9279
9281
9283
9285
9288
9290
9292
9294
9297
9299
9301
9303
9305
9307
9309
9311
9314
9316
9318
9320
9323
9325
9327
9329
9332
9334
9336
9338
9340
9342
9344
9346
9349
9351
9353
9355
9358
9360
9362
9364
9367
9369
9371
9373
9375
9377
9379
9381
9384
9386
9388
9390
9393
9395
9397
9399
9402
9404
9406
9408
9411
9413
9415
9417
9420
9422
9424
9426
9429
9431
9433
9435
9438
9440
9442
9444
9446
9448
9450
9452
9455
9457
9459
9461
9464
9466
9468
9470
9473
9475
9477
9479
9481
9483
9485
9487
9490
9492
9494
9496
9499
9501
9503
9505
9508
9510
9512
9514
9516
9518
9520
9522
9525
9527
9529
9531
9534
9536
9538
9540
9543
9545
9547
9549
9551
9553
9555
9557
9560
9562
9564
9566
9569
9571
9573
9575
9578
9580
9582
9584
9586
9588
9590
9592
9595
9597
9599
9601
9604
9606
9608
9610
9613
9615
9617
9619
9621
9623
9625
9627
9630
9632
9634
9636
9639
9641
9643
9645
9648
9650
9652
9654
9656
9658
9660
9662
9665
9667
9669
9671
9674
9676
9678
9680
9683
9685
9687
9689
9692
9694
9696
9698
9701
9703
9705
9707
9710
9712
9714
9716
9719
9721
9723
9725
9727
9729
9731
9733
9736
9738
9740
9742
9745
9747
9749
9751
9754
9756
9758
9760
9762
9764
9766
9768
9771
9773
9775
9777
9780
9782
9784
9786
9789
9791
9793
9795
9797
9799
9801
9803
9806
9808
9810
9812
9815
9817
9819
9821
9824
9826
9828
9830
9833
9835
9837
9839
9842
9844
9846
9848
9851
9853
9855
9857
9860
9862
9864
9866
9868
9870
9872
9874
9877
9879
9881
9883
9886
9888
9890
9892
9895
9897
9899
9901
9903
9905
9907
9909
9912
9914
9916
9918
9921
9923
9925
9927
9930
9932
9934
9936
9938
9940
9942
9944
9947
9949
9951
9953
9956
9958
9960
9962
9965
9967
9969
9971
9974
9976
9978
9980
9983
9985
9987
9989
9992
9994
9996
9998
1015
1024
1033
1050
1059
1068
1085
1094
1103
1120
1129
1138
1155
1164
1173
1190
1199
1208
1225
1234
1243
1252
1261
1270
1279
1296
1305
1314
1331
1340
1349
1366
1375
1384
1401
1410
1419
1436
1445
1454
1471
1480
1489
1506
1515
1524
1533
1542
1551
1560
1577
1586
1595
1612
1621
1630
1647
1656
1665
1682
1691
1700
1717
1726
1735
1752
1761
1770
1787
1796
1805
1814
1823
1832
1841
1858
1867
1876
1893
1902
1911
1928
1937
1946
1955
1964
1973
1982
1999
2008
2017
2034
2043
2052
2069
2078
2087
2096
2105
2114
2123
2140
2149
2158
2175
2184
2193
2210
2219
2228
2245
2254
2263
2280
2289
2298
2315
2324
2333
2350
2359
2368
2377
2386
2395
2404
2421
2430
2439
2456
2465
2474
2491
2500
2509
2526
2535
2544
2561
2570
2579
2596
2605
2614
2631
2640
2649
2658
2667
2676
2685
2702
2711
2720
2737
2746
2755
2772
2781
2790
2807
2816
2825
2842
2851
2860
2877
2886
2895
2912
2921
2930
2939
2948
2957
2966
2983
2992
3001
3018
3027
3036
3053
3062
3071
3080
3089
3098
3107
3124
3133
3142
3159
3168
3177
3194
3203
3212
3221
3230
3239
3248
3265
3274
3283
3300
3309
3318
3335
3344
3353
3370
3379
3388
3405
3414
3423
3440
3449
3458
3475
3484
3493
3502
3511
3520
3529
3546
3555
3564
3581
3590
3599
3616
3625
3634
3651
3660
3669
3686
3695
3704
3721
3730
3739
3756
3765
3774
3783
3792
3801
3810
3827
3836
3845
3862
3871
3880
3897
3906
3915
3932
3941
3950
3967
3976
3985
4002
4011
4020
4037
4046
4055
4064
4073
4082
4091
4108
4117
4126
4143
4152
4161
4178
4187
4196
4205
4214
4223
4232
4249
4258
4267
4284
4293
4302
4319
4328
4337
4346
4355
4364
4373
4390
4399
4408
4425
4434
4443
4460
4469
4478
4495
4504
4513
4530
4539
4548
4565
4574
4583
4600
4609
4618
4627
4636
4645
4654
4671
4680
4689
4706
4715
4724
4741
4750
4759
4776
4785
4794
4811
4820
4829
4846
4855
4864
4881
4890
4899
4908
4917
4926
4935
4952
4961
4970
4987
4996
5005
5022
5031
5040
5057
5066
5075
5092
5101
5110
5127
5136
5145
5162
5171
5180
5189
5198
5207
5216
5233
5242
5251
5268
5277
5286
5303
5312
5321
5330
5339
5348
5357
5374
5383
5392
5409
5418
5427
5444
5453
5462
5471
5480
5489
5498
5515
5524
5533
5550
5559
5568
5585
5594
5603
5620
5629
5638
5655
5664
5673
5690
5699
5708
5725
5734
5743
5752
5761
5770
5779
5796
5805
5814
5831
5840
5849
5866
5875
5884
5901
5910
5919
5936
5945
5954
5971
5980
5989
6006
6015
6024
6033
6042
6051
6060
6077
6086
6095
6112
6121
6130
6147
6156
6165
6182
6191
6200
6217
6226
6235
6252
6261
6270
6287
6296
6305
6314
6323
6332
6341
6358
6367
6376
6393
6402
6411
6428
6437
6446
6455
6464
6473
6482
6499
6508
6517
6534
6543
6552
6569
6578
6587
6596
6605
6614
6623
6640
6649
6658
6675
6684
6693
6710
6719
6728
6745
6754
6763
6780
6789
6798
6815
6824
6833
6850
6859
6868
6877
6886
6895
6904
6921
6930
6939
6956
6965
6974
6991
7000
7009
7026
7035
7044
7061
7070
7079
7096
7105
7114
7131
7140
7149
7158
7167
7176
7185
7202
7211
7220
7237
7246
7255
7272
7281
7290
7307
7316
7325
7342
7351
7360
7377
7386
7395
7412
7421
7430
7439
7448
7457
7466
7483
7492
7501
7518
7527
7536
7553
7562
7571
7580
7589
7598
7607
7624
7633
7642
7659
7668
7677
7694
7703
7712
7721
7730
7739
7748
7765
7774
7783
7800
7809
7818
7835
7844
7853
7870
7879
7888
7905
7914
7923
7940
7949
7958
7975
7984
7993
8002
8011
8020
8029
8046
8055
8064
8081
8090
8099
8116
8125
8134
8151
8160
8169
8186
8195
8204
8221
8230
8239
8256
8265
8274
8283
8292
8301
8310
8327
8336
8345
8362
8371
8380
8397
8406
8415
8432
8441
8450
8467
8476
8485
8502
8511
8520
8537
8546
8555
8564
8573
8582
8591
8608
8617
8626
8643
8652
8661
8678
8687
8696
8705
8714
8723
8732
8749
8758
8767
8784
8793
8802
8819
8828
8837
8846
8855
8864
8873
8890
8899
8908
8925
8934
8943
8960
8969
8978
8995
9004
9013
9030
9039
9048
9065
9074
9083
9100
9109
9118
9127
9136
9145
9154
9171
9180
9189
9206
9215
9224
9241
9250
9259
9268
9277
9286
9295
9312
9321
9330
9347
9356
9365
9382
9391
9400
9409
9418
9427
9436
9453
9462
9471
9488
9497
9506
9523
9532
9541
9558
9567
9576
9593
9602
9611
9628
9637
9646
9663
9672
9681
9690
9699
9708
9717
9734
9743
9752
9769
9778
9787
9804
9813
9822
9831
9840
9849
9858
9875
9884
9893
9910
9919
9928
9945
9954
9963
9972
9981
9990
9999
